 0 -6.32682699432429        0 -6.29906849793237        0 -6.21144035398285
 1 -6.57543657956451        1 -6.50447137604062        1 -6.52109352410714
 2 -6.70124344879601        2 -6.65880755051967        2 -6.77915056205479
 3 -6.74811733272875        3 -6.75722237864567        3 -6.67698619682057
 4 -6.70912055112091        4 -6.80301101949305        4 -6.87177255212359
 5 -6.67695983602742        5 -6.79451095804465        5 -6.81501639599536
 6 -6.73680789664647        6 -6.68831986800622        6 -6.85233352231306
 7 -6.73827906257972        7 -6.75379060852101        7 -6.77633303315359
 8 -6.74953703990921        8 -6.81041962309647        8 -6.8529134547036
 9 -6.73817942329286        9 -6.68890357716383        9 -6.85318676951295
 10 -6.6900347845571        10 -6.77877871514897       10 -6.77615442479981
 11 -6.71212273503188       11 -6.72409987829887       11 -6.8111672657739
 12 -6.73757048157198       12 -6.78651402343861       12 -6.78711768437684
 13 -6.74675440036174       13 -6.82869505455467       13 -6.76738092498564
 14 -6.84221318971435       14 -6.75627895705605       14 -6.80333993668219
 15 -6.73985034667995       15 -6.73195793565487       15 -6.87742206000715
 16 -6.7527343946479        16 -6.71318931302797       16 -6.82052448268905
 17 -6.76127143972233       17 -6.767605451496         17 -6.81317208354874
 18 -6.77613549650242       18 -6.80492089300412       18 -6.83025799701318
 19 -6.76113263942647       19 -6.76837473063243       19 -6.84914422556923
 20 -6.75372286872571       20 -6.83619390128026       20 -6.84538519725887
 21 -6.77827134706162       21 -6.73642597349181       21 -6.80912205966051
 22 -6.69986555673467       22 -6.77290352058989       22 -6.81328907967043
 23 -6.70366831779021       23 -6.73104449261602       23 -6.84395162706107
 24 -6.72135800748799       24 -6.75271468518569       24 -6.85425949344871
 25 -6.82248864401537       25 -6.75386387490611       25 -6.87765979252148
 26 -6.7537946033323        26 -6.76058403068216       26 -6.7747882700528
 27 -6.73110009248061       27 -6.71687461513562       27 -6.86802608012456
 28 -6.72797362909438       28 -6.75279829984576       28 -6.83590188217135
 29 -6.77914861871529       29 -6.73474642706934       29 -6.74986058272709
 30 -6.77941342772888       30 -6.77868834953649       30 -6.88321755769908
 31 -6.77246351582802       31 -6.7087881749479        31 -6.79775007953332
 32 -6.75507402363497       32 -6.81321286660273       32 -6.74647856561279
 33 -6.75047019357799       33 -6.74279166081306       33 -6.87527127460491
 34 -6.85025753752107       34 -6.73202157386358       34 -6.88112243728345
 35 -6.79591111241529       35 -6.76419740675772       35 -6.83020505678222
 36 -6.75200101274359       36 -6.79815073728384       36 -6.84539842821735
 37 -6.83699708940148       37 -6.72710898740435       37 -6.80251758162716
 38 -6.76375025541201       38 -6.77841842600512       38 -6.84143033638784
 39 -6.76166146864535       39 -6.82983496507059       39 -6.85323349536374
 40 -6.76011572826041       40 -6.73757432490772       40 -6.84801646777998
 41 -6.79187036413837       41 -6.6980849738468        41 -6.83293608863727
 42 -6.78755448489956       42 -6.76154504481816       42 -6.89666878700346
 43 -6.7177873439516        43 -6.70777289034797       43 -6.83690496590758
 44 -6.70147817962423       44 -6.71616639491828       44 -6.77550463057674
 45 -6.75449491232943       45 -6.72308153208393       45 -6.79634271899504
 46 -6.77610926081598       46 -6.68500450046208       46 -6.81685112915358
 47 -6.73839015574265       47 -6.70214836550204       47 -6.78920309639308
 48 -6.84826392355613       48 -6.83343804755261       48 -6.91331729082991
 49 -6.74919604434071       49 -6.70879205658172       49 -6.88379028002109
 50 -6.82047353169541       50 -6.73924806124808       50 -6.77852392832717
 51 -6.72801788938344       51 -6.75549363086505       51 -6.85377467927224
 52 -6.76235445409419       52 -6.78246846627879       52 -6.85959192407575
 53 -6.75627371060638       53 -6.69481347642842       53 -6.76013654466438
 54 -6.81061114070371       54 -6.77035344943344       54 -6.85815523357647
 55 -6.7423191650569        55 -6.78681475759644       55 -6.83002229489509
 56 -6.73127698544568       56 -6.77771107126228       56 -6.7874043180014
 57 -6.78078487087007       57 -6.83915569163309       57 -6.85081952002753
 58 -6.83379968787267       58 -6.75274075835066       58 -6.78401208640783
 59 -6.70368828154684       59 -6.80841421101383       59 -6.87589950778829
 60 -6.72325282077469       60 -6.79653651344082       60 -6.85411991935919
 61 -6.74890621434608       61 -6.79939550857988       61 -6.85769731404145
 62 -6.73741195295378       62 -6.77343770874423       62 -6.87004523798912
 63 -6.77607525848042       63 -6.75416430133159       63 -6.85845327410359
 64 -6.72672784779129       64 -6.76473275699648       64 -6.78805040270908
 65 -6.73772463005937       65 -6.74477934182446       65 -6.79487972600188
 66 -6.76374759878895       66 -6.76861824628527       66 -6.82774277814585
 67 -6.78539677830372       67 -6.74571360483625       67 -6.75203681811958
 68 -6.77040937197154       68 -6.76229467156035       68 -6.80024101651777
 69 -6.74691438510979       69 -6.74789237613199       69 -6.70582085405887
 70 -6.80420863336928       70 -6.77538391533039       70 -6.76405604783762
 71 -6.73496431092197       71 -6.7601422639668        71 -6.89725162741655
 72 -6.77551408257702       72 -6.77541696654705       72 -6.79100626740136
 73 -6.75870017063222       73 -6.72936659597974       73 -6.84120477326901
 74 -6.78635780011004       74 -6.70073290156437       74 -6.75961038945899
 75 -6.78615397897892       75 -6.74780288995593       75 -6.77266518788137
 76 -6.71489375557273       76 -6.72788652193982       76 -6.78590617895934
 77 -6.73308985882515       77 -6.73987420741547       77 -6.84884288918122
 78 -6.75976819173822       78 -6.81557508511423       78 -6.82948732382355
 79 -6.6830955141231        79 -6.70383345685079       79 -6.84404035309134
 80 -6.72387875732138       80 -6.76919574319762       80 -6.88587798713915
 81 -6.71096811241407       81 -6.71279632747323       81 -6.75596507224835
 82 -6.80085146213158       82 -6.79659766406616       82 -6.82145535186759
 83 -6.76428353839632       83 -6.69507647222354       83 -6.78606915824319
 84 -6.83235254001542       84 -6.75250714631773       84 -6.80477084017299
 85 -6.71716917733932       85 -6.76292338916466       85 -6.90009699817941
 86 -6.84016163941092       86 -6.75410998450765       86 -6.76338076480089
 87 -6.78800256559973       87 -6.80056442626747       87 -6.92556182366192
 88 -6.66762401768688       88 -6.79607406669648       88 -6.89175080292401
 89 -6.7439855288748        89 -6.71895905002424       89 -6.73625599057759
 90 -6.76488771352829       90 -6.77895990211946       90 -6.82088522330322
 91 -6.74759494181324       91 -6.75830868504191       91 -6.84162298848628
 92 -6.82745463826407       92 -6.76210604197514       92 -6.90005141733801
 93 -6.71168139538987       93 -6.74885728691643       93 -6.86920558584443
 94 -6.81365299810433       94 -6.69683193194966       94 -6.87166796729498
 95 -6.79027962206112       95 -6.7859567870195        95 -6.85074985407561
 96 -6.73885396749206       96 -6.75778827294898       96 -6.88152734222939
 97 -6.76520245536665       97 -6.76909005228603       97 -6.90396257695253
 98 -6.67022050350025       98 -6.81083444557789       98 -6.86475168094384
 99 -6.78379103195958       99 -6.72798720938743       99 -6.85819104858075
 100 -6.73864045455478      100 -6.74879975994675      100 -6.79875392842541
 101 -6.77395574159781      101 -6.736384340858        101 -6.81384011993098
 102 -6.77244628283964      102 -6.73342450680558      102 -6.81277360187839
 103 -6.80607082828361      103 -6.71670562910193      103 -6.85016342722114
 104 -6.75812104624263      104 -6.77957895485365      104 -6.8473708626728
 105 -6.7388695500172       105 -6.68352551063341      105 -6.82967576753674
 106 -6.73316219979175      106 -6.78293155449895      106 -6.8427210639545
 107 -6.77238334864604      107 -6.78645282805577      107 -6.81780282360469
 108 -6.7909583353218       108 -6.7673469694109       108 -6.88662419344336
 109 -6.78917738169879      109 -6.74791022952726      109 -6.8030670490312
 110 -6.70493955662585      110 -6.78480399088375      110 -6.81144561115998
 111 -6.82724102527749      111 -6.71460493707018      111 -6.86923628050439
 112 -6.76588547748213      112 -6.75404910840893      112 -6.76373514942396
 113 -6.79271001098556      113 -6.71407432305677      113 -6.81809810484037
 114 -6.82497156145975      114 -6.77836695041936      114 -6.86580139287041
 115 -6.72584604140217      115 -6.7883934716881       115 -6.81405706611451
 116 -6.7166128151973       116 -6.74609905182727      116 -6.80782023748557
 117 -6.76952124691278      117 -6.7531796945284       117 -6.76267578933011
 118 -6.67682012168762      118 -6.69015252275086      118 -6.81426687175345
 119 -6.74162866731781      119 -6.75772735764775      119 -6.89620226133424
 120 -6.77807515860748      120 -6.73715870601183      120 -6.89542325233783
 121 -6.81356698470607      121 -6.77560289312225      121 -6.82037516558095
 122 -6.74325865439875      122 -6.72499793847727      122 -6.75215153277731
 123 -6.69300889008996      123 -6.68066030388855      123 -6.84299464858119
 124 -6.83412347603744      124 -6.73204915224722      124 -6.81304958900576
 125 -6.79848783978836      125 -6.70681196951727      125 -6.80789278476756
 126 -6.83054463179751      126 -6.82438265491375      126 -6.84054206093042
 127 -6.85840898477681      127 -6.80602571194345      127 -6.84792402566717
 128 -6.78699615430393      128 -6.68956868559243      128 -6.87065065470978
 129 -6.68629623036199      129 -6.75974635924972      129 -6.77863474836696
 130 -6.73726207073346      130 -6.73302086942871      130 -6.86850624408934
 131 -6.75213030104304      131 -6.78003494379158      131 -6.88128727198966
 132 -6.78034007633587      132 -6.74977963748916      132 -6.88228778961987
 133 -6.71503588318477      133 -6.76479850064629      133 -6.76464577405437
 134 -6.73506126242455      134 -6.76061432352584      134 -6.81064922205081
 135 -6.74461897069933      135 -6.73743842856025      135 -6.84696910672188
 136 -6.71251395147566      136 -6.72447834417748      136 -6.78645963828944
 137 -6.76617751592917      137 -6.7027068182146       137 -6.83986405916757
 138 -6.70536490805247      138 -6.755204370493        138 -6.83716237884043
 139 -6.79292473674775      139 -6.6937342457987       139 -6.81232664460885
 140 -6.78979988240653      140 -6.68471174843419      140 -6.83522104224693
 141 -6.73633186461104      141 -6.84388873568346      141 -6.87448788459333
 142 -6.72243380559239      142 -6.7745170733863       142 -6.80294401148742
 143 -6.76396749314224      143 -6.64683502472924      143 -6.83707969043044
 144 -6.75849012627441      144 -6.71133948743085      144 -6.9009394111975
 145 -6.77131017199572      145 -6.79665251010834      145 -6.85971511921326
 146 -6.76274794644268      146 -6.79940569247966      146 -6.81227888438766
 147 -6.78690386347664      147 -6.80610075953532      147 -6.85241678265303
 148 -6.78051944959804      148 -6.75031872579778      148 -6.79517327415808
 149 -6.74898007559823      149 -6.74878947247807      149 -6.9006613144135
 150 -6.80368605183603      150 -6.77757253771559      150 -6.91159720273481
 151 -6.79243427179447      151 -6.79651110575963      151 -6.84933104762084
 152 -6.71296941240662      152 -6.75813491500877      152 -6.87312729196474
 153 -6.72860038553004      153 -6.7409731094812       153 -6.90475379163081
 154 -6.77460954958814      154 -6.74989901695359      154 -6.77812143559597
 155 -6.78553398223341      155 -6.80970983125473      155 -6.86838884180681
 156 -6.65127200939602      156 -6.76587354131362      156 -6.91215378038697
 157 -6.71848969206235      157 -6.75885093986368      157 -6.88810275567739
 158 -6.70179195002885      158 -6.73517404422114      158 -6.80622177607963
 159 -6.78215514060776      159 -6.78932563696335      159 -6.82669503266535
 160 -6.79885510508175      160 -6.74434547695493      160 -6.83242824295598
 161 -6.78781225812746      161 -6.75363288849064      161 -6.80971952361963
 162 -6.71337537159882      162 -6.70669001884186      162 -6.84599778800171
 163 -6.76273860692309      163 -6.71348912019193      163 -6.84841495409143
 164 -6.7360055358623       164 -6.72100946065934      164 -6.85543051497106
 165 -6.77617387935106      165 -6.72662741246453      165 -6.82400794258174
 166 -6.7519027149031       166 -6.83307278742683      166 -6.76463306729444
 167 -6.73352317010178      167 -6.70912699637431      167 -6.8275230922198
 168 -6.75514625291095      168 -6.74480746102558      168 -6.84335214609533
 169 -6.74872942786645      169 -6.78224761103107      169 -6.9245333481555
 170 -6.75900238196847      170 -6.78586850552989      170 -6.74298757199866
 171 -6.72994018709766      171 -6.72698824318456      171 -6.82481593663375
 172 -6.73924930041424      172 -6.72131548552655      172 -6.77878592295269
 173 -6.72862066268832      173 -6.81342232667093      173 -6.81284305197995
 174 -6.790848039712        174 -6.78324156342808      174 -6.83408623988864
 175 -6.74416150394424      175 -6.77943685399604      175 -6.81110526673312
 176 -6.75082408530821      176 -6.74945318971515      176 -6.82461344007226
 177 -6.82368376023869      177 -6.78580514977745      177 -6.7506010032003
 178 -6.74220759366815      178 -6.74054061363054      178 -6.85697159772236
 179 -6.73810063710771      179 -6.72547608013781      179 -6.86557550389085
 180 -6.73824880816376      180 -6.7664706194661       180 -6.7865565471247
 181 -6.78796295013184      181 -6.71370765756097      181 -6.8368987591562
 182 -6.71027817898001      182 -6.77630825601551      182 -6.81708861260593
 183 -6.80084004601536      183 -6.806168621737        183 -6.82772123891536
 184 -6.75753026853058      184 -6.70610777463624      184 -6.84657857539774
 185 -6.86892795072139      185 -6.76945827960833      185 -6.92139520271676
 186 -6.7506878488996       186 -6.76540135722817      186 -6.94009487399288
 187 -6.80943439410833      187 -6.73582776530453      187 -6.8686049411461
 188 -6.77592527122488      188 -6.73349336826766      188 -6.83526489635647
 189 -6.78205376112166      189 -6.8167047351903       189 -6.91988358481554
 190 -6.82976221847756      190 -6.7485379623018       190 -6.85707180889865
 191 -6.73978754346222      191 -6.77232725355036      191 -6.88059931384734
 192 -6.8748117247967       192 -6.72976057093053      192 -6.85242120765486
 193 -6.78105502648813      193 -6.6661131269288       193 -6.85561969406335
 194 -6.71746805161135      194 -6.7289543503788       194 -6.90456568116239
 195 -6.78098678676195      195 -6.75938309376263      195 -6.84792838713385
 196 -6.74741196696661      196 -6.73913663425145      196 -6.94723840721056
 197 -6.72556697493679      197 -6.67713291657617      197 -6.86892992805612
 198 -6.78578432830695      198 -6.79347028954285      198 -6.93376765426572
 199 -6.74424993755228      199 -6.79342855593195      199 -6.90918440294874
 200 -6.78951968960547      200 -6.77588273851563      200 -6.90747759106351
 201 -6.79724662256461      201 -6.76365446842269      201 -6.87399129937296
 202 -6.81431096564877      202 -6.7785702141255       202 -6.9010439923945
 203 -6.7154641190221       203 -6.82540526046386      203 -6.93453169749831
 204 -6.79361653052413      204 -6.75009588825589      204 -6.86886398879617
 205 -6.75523072125532      205 -6.81142708134131      205 -6.85500271779495
 206 -6.78462099104096      206 -6.74191118470697      206 -6.86135184905308
 207 -6.80045015175259      207 -6.80144119621154      207 -6.84649192547855
 208 -6.7624369891197       208 -6.73674444526694      208 -6.85884890704136
 209 -6.74591422924351      209 -6.71325463594083      209 -6.8445047487662
 210 -6.70504608525606      210 -6.72529538578022      210 -6.89082402748475
 211 -6.77257656234652      211 -6.7404186922934       211 -6.87984523220064
 212 -6.75262338245379      212 -6.74276294246685      212 -6.90816689771275
 213 -6.7732462010057       213 -6.78591330425619      213 -6.91781018290306
 214 -6.76194324025033      214 -6.79835729699755      214 -6.80907398971914
 215 -6.74189005960092      215 -6.75452598883509      215 -6.93365141827542
 216 -6.73209501974324      216 -6.76395472088242      216 -6.93296154811872
 217 -6.82694722717002      217 -6.73457049301149      217 -6.9182925069183
 218 -6.75182585634838      218 -6.71751888839032      218 -6.89736966443875
 219 -6.78439614856063      219 -6.78337126668151      219 -6.93428173375465
 220 -6.76840914498144      220 -6.69347917717946      220 -6.93669107342988
 221 -6.79152177986414      221 -6.78253104626393      221 -6.8392851567732
 222 -6.74117175379044      222 -6.74600206550609      222 -6.89488659464166
 223 -6.72065184708458      223 -6.77413987346179      223 -6.95552480710445
 224 -6.7571883219205       224 -6.79122201318492      224 -6.90095824990685
 225 -6.73599619087289      225 -6.80483970947989      225 -6.91643105511995
 226 -6.84329219927435      226 -6.79469066552217      226 -6.95159494898009
 227 -6.83187943833958      227 -6.66754230755346      227 -6.94605216886802
 228 -6.80235410305132      228 -6.76466088146351      228 -6.9067021557746
 229 -6.75941580753249      229 -6.79702091793571      229 -6.89254827695231
 230 -6.74810020602214      230 -6.81738300921683      230 -6.9345467588463
 231 -6.69325142173144      231 -6.76665003086504      231 -6.93762475368107
 232 -6.61758780221147      232 -6.83019565738025      232 -6.91018718941182
 233 -6.74542316170926      233 -6.70859643271586      233 -6.9473788419281
 234 -6.74603444809757      234 -6.79282735903796      234 -6.86799919672506
 235 -6.7984597846128       235 -6.76490445853358      235 -6.95569836427778
 236 -6.71748850622627      236 -6.78844229497014      236 -7.01425680811522
 237 -6.77882918718567      237 -6.78400198526867      237 -6.89111346152358
 238 -6.812891814839        238 -6.75670735229455      238 -6.88806838885918
 239 -6.7562200000727       239 -6.68861812222086      239 -6.88644962252766
 240 -6.74436753285348      240 -6.74003901155275      240 -6.92333943716073
 241 -6.78251812743131      241 -6.86030527507744      241 -6.90567678484994
 242 -6.78676843941332      242 -6.78627720453811      242 -6.85360714612542
 243 -6.76153083224938      243 -6.76957439267237      243 -6.88882738568091
 244 -6.86361677737588      244 -6.7668064389144       244 -6.89917424966856
 245 -6.7339042178205       245 -6.78567750182585      245 -6.84373722906645
 246 -6.77335599270768      246 -6.74389924041103      246 -6.85855905069952
 247 -6.84049186580539      247 -6.73791041721207      247 -6.94018091237447
 248 -6.7705134968171       248 -6.66553621730728      248 -6.93927124785277
 249 -6.7260986207523       249 -6.75757075051725      249 -6.92922904387296
 250 -6.75329011876713      250 -6.78227901135989      250 -6.92805984391272
 251 -6.72610219166308      251 -6.74771920350818      251 -6.84506632883625
 252 -6.72472847745466      252 -6.66981083197452      252 -6.86878735618111
 253 -6.7739578853043       253 -6.78542891572113      253 -6.90342358439518
 254 -6.74429671662568      254 -6.71444209617864      254 -6.90649107090547
 255 -6.79162322978565      255 -6.70320205787457      255 -6.88488192177032
 256 -6.77150835744327      256 -6.78280133141534      256 -6.97113511906455
 257 -6.7520235927434       257 -6.88299584994608      257 -6.93530960534264
 258 -6.69616264323954      258 -6.72873668375886      258 -6.93120027042396
 259 -6.79542788605474      259 -6.7616353991018       259 -6.87859603156558
 260 -6.78764458606479      260 -6.8372971891731       260 -6.88806354951276
 261 -6.7901656630305       261 -6.8067664086444       261 -6.88905420499426
 262 -6.80126939344885      262 -6.7959479801471       262 -6.92047251015981
 263 -6.7507055593061       263 -6.72105411394596      263 -6.83775787562305
 264 -6.83555982663034      264 -6.73266288743975      264 -6.87663409693444
 265 -6.74149930516972      265 -6.7899187747686       265 -6.8773654257644
 266 -6.77500474564632      266 -6.75352813835282      266 -6.88828834155726
 267 -6.785543967404        267 -6.76284022732678      267 -6.9307074837635
 268 -6.76256670137488      268 -6.76029184529964      268 -6.93042993967223
 269 -6.76304328454085      269 -6.779149371334        269 -6.84676222385015
 270 -6.74502125431574      270 -6.6680056963364       270 -6.89520438171101
 271 -6.75534513035957      271 -6.77969766401036      271 -6.85661283820122
 272 -6.72406992800448      272 -6.75008748640784      272 -6.8260292496002
 273 -6.71756718301256      273 -6.76313397447159      273 -6.81960075093881
 274 -6.85257504657309      274 -6.82038598304439      274 -6.98239992647387
 275 -6.73426851852221      275 -6.74243194431689      275 -6.85616661034804
 276 -6.79861444466955      276 -6.7173915718867       276 -6.82619803486599
 277 -6.74882933111908      277 -6.76307598626214      277 -6.92837050739408
 278 -6.80128093994446      278 -6.74212424337204      278 -6.82822709738799
 279 -6.69855829867116      279 -6.70539849584608      279 -6.90096468852471
 280 -6.76978344391921      280 -6.75752184125171      280 -6.94380060148194
 281 -6.77647198226957      281 -6.70742493886527      281 -6.93173664158527
 282 -6.86283598090591      282 -6.701542023046        282 -6.76939456146675
 283 -6.74871434519755      283 -6.74983105894841      283 -6.94809381230016
 284 -6.75456130223884      284 -6.72162360979802      284 -6.90112303317948
 285 -6.71569979515954      285 -6.75860763197567      285 -6.79066452000597
 286 -6.82587366424713      286 -6.73465361857795      286 -6.89978060689423
 287 -6.76837441729228      287 -6.73013384801884      287 -6.91271008293432
 288 -6.78486751977825      288 -6.8126297507587       288 -6.73223516289959
 289 -6.77602641735613      289 -6.79601998332654      289 -6.86416876938144
 290 -6.70419561076106      290 -6.80196218621568      290 -6.88323255545403
 291 -6.67966510687009      291 -6.71077195051454      291 -6.85976658541585
 292 -6.6842438857269       292 -6.63930846454859      292 -6.93443908427877
 293 -6.77989757549575      293 -6.71134299720944      293 -6.85702547994738
 294 -6.75174124032073      294 -6.74020623564178      294 -6.91019931144457
 295 -6.70517649522282      295 -6.76980935988631      295 -6.90542972663478
 296 -6.74973808729415      296 -6.75237557789452      296 -6.84622977758329
 297 -6.79942731689066      297 -6.75015982454085      297 -6.84384295415146
 298 -6.82561203452499      298 -6.75824392270429      298 -6.91905906425543
 299 -6.73462986913378      299 -6.75666249698196      299 -6.88888666914401
 300 -6.73323786583495      300 -6.68732416369444      300 -6.87352318990461
 301 -6.78728438425577      301 -6.79912162354659      301 -6.88592261468936
 302 -6.8219982271173       302 -6.70550132350801      302 -6.85676054134359
 303 -6.74682316839968      303 -6.71237522339024      303 -6.92612264153193
 304 -6.77949237738116      304 -6.7600296645168       304 -6.8859038928488
 305 -6.74738922621236      305 -6.76581632373235      305 -6.92497531171912
 306 -6.72876981895419      306 -6.81533102958467      306 -6.90285781325035
 307 -6.7014127481173       307 -6.76964964623741      307 -6.91134578081335
 308 -6.75619807725401      308 -6.76691548732635      308 -6.87051017376264
 309 -6.79062398895082      309 -6.71700604511041      309 -6.87186375633878
 310 -6.70128358890794      310 -6.82246723689244      310 -6.91039504862037
 311 -6.79193086876027      311 -6.7540504124233       311 -6.90895143785904
 312 -6.71556189792021      312 -6.71518630946566      312 -6.86727398947829
 313 -6.85567800678511      313 -6.78019512935834      313 -6.85339595587052
 314 -6.81164954685903      314 -6.7647436956903       314 -6.89470616645178
 315 -6.7654633134933       315 -6.76771940873271      315 -6.88086336330219
 316 -6.75165773415318      316 -6.71348076125581      316 -6.89691673621129
 317 -6.82461298346974      317 -6.81984185330812      317 -6.94911189455536
 318 -6.7365592220068       318 -6.71831587293281      318 -6.87372427272978
 319 -6.82227696180594      319 -6.74889826786453      319 -6.91773616901233
 320 -6.70307725977469      320 -6.81046682488841      320 -6.86740057531142
 321 -6.76685028213593      321 -6.74279000541975      321 -6.94883902468557
 322 -6.74895309272922      322 -6.71701930797986      322 -6.90722641402262
 323 -6.75490284465866      323 -6.70362203558122      323 -6.92476102186247
 324 -6.71594438277695      324 -6.78000065291123      324 -6.96348430306688
 325 -6.79305475039568      325 -6.70613085651257      325 -6.87425437893001
 326 -6.77119426310275      326 -6.7985568016186       326 -6.93359260089522
 327 -6.80900829128368      327 -6.76525059072886      327 -6.88031197387983
 328 -6.84688395998644      328 -6.8224978937556       328 -6.86027755692605
 329 -6.77927886198441      329 -6.80696158240112      329 -6.89807062637485
 330 -6.80465853916391      330 -6.788614157863        330 -6.85579783270444
 331 -6.75336950398536      331 -6.75823687514144      331 -6.88274642721332
 332 -6.76141371860736      332 -6.79905515509806      332 -6.86234731161244
 333 -6.76236618352072      333 -6.87134120486671      333 -6.92318770135357
 334 -6.79157465923634      334 -6.80287782922839      334 -6.83158380963102
 335 -6.81295601157401      335 -6.78340728947969      335 -6.90902844735874
 336 -6.75854125628331      336 -6.7225187866073       336 -6.91138334316286
 337 -6.74906910973556      337 -6.73047894106794      337 -6.85399595132635
 338 -6.79665795761438      338 -6.75910270491658      338 -6.93702961904717
 339 -6.64466075230192      339 -6.73018111346423      339 -6.91752768582119
 340 -6.82140336252986      340 -6.69850167110011      340 -6.95829375635147
 341 -6.77022817812575      341 -6.71257870636344      341 -6.91049879288281
 342 -6.8106573263257       342 -6.77727184760387      342 -6.87345826954898
 343 -6.74394921821129      343 -6.71442878906985      343 -6.88988330943675
 344 -6.78808545481151      344 -6.74672721980516      344 -6.82858044734186
 345 -6.76510127289262      345 -6.73494377775422      345 -6.87052829975789
 346 -6.70726894396667      346 -6.74970393194433      346 -6.92718636526038
 347 -6.74442797422251      347 -6.77809097452511      347 -6.90059632374744
 348 -6.75660978357263      348 -6.76423173428886      348 -6.90759642189657
 349 -6.82671231623711      349 -6.7998353141253       349 -6.86406869183178
 350 -6.72484647785381      350 -6.75531848519488      350 -6.89254027829987
 351 -6.73336184033831      351 -6.71206374085866      351 -6.87520363754496
 352 -6.75111483197963      352 -6.8106277577304       352 -6.8562208479184
 353 -6.80233703423517      353 -6.78582581101156      353 -6.90556538368977
 354 -6.73397987207486      354 -6.78874918661094      354 -6.87988567705661
 355 -6.80005793122595      355 -6.69329600518085      355 -6.86371810323346
 356 -6.76022982174846      356 -6.78354801401894      356 -6.84941609538868
 357 -6.72502552100545      357 -6.74396517834403      357 -6.91516757449052
 358 -6.70943703429443      358 -6.79707228867097      358 -6.8933570455989
 359 -6.76185164434155      359 -6.81299271609795      359 -6.89554884041711
 360 -6.79510939040338      360 -6.74983580303661      360 -6.80106591334397
 361 -6.79049289678587      361 -6.76299499859943      361 -6.92803299141881
 362 -6.81537003011999      362 -6.75835744264833      362 -6.92160371110549
 363 -6.76105451748063      363 -6.7999008887091       363 -6.91929528019452
 364 -6.84693283307288      364 -6.77459240683752      364 -6.94009556495104
 365 -6.750720756796        365 -6.80176236401249      365 -6.87301366376913
 366 -6.79942052593037      366 -6.87694153778847      366 -6.9318283340898
 367 -6.75503921219983      367 -6.76076206380819      367 -6.87851278960584
 368 -6.75390519972779      368 -6.75356587144609      368 -6.84037504646531
 369 -6.79033188829225      369 -6.74642620504913      369 -6.92364410685955
 370 -6.74830245933309      370 -6.82430591189862      370 -6.83459078973354
 371 -6.78630781947826      371 -6.73963374947329      371 -6.86400346231882
 372 -6.71687420585142      372 -6.71480559369951      372 -6.96214453230739
 373 -6.77498731816803      373 -6.70778362847488      373 -6.91900972748966
 374 -6.75236093516995      374 -6.72228641302557      374 -6.878953664044
 375 -6.79062485269893      375 -6.71045532363759      375 -6.85821216759752
 376 -6.7779716521386       376 -6.81072108287257      376 -6.92174357643315
 377 -6.72865465810729      377 -6.72956370082014      377 -6.88614609643636
 378 -6.7592814007871       378 -6.74755589492427      378 -6.88439551160667
 379 -6.73619840780499      379 -6.76089283027116      379 -7.04994547278084
 380 -6.74561210802649      380 -6.79505627222625      380 -6.91545759631672
 381 -6.80294588204483      381 -6.81717099163855      381 -6.89181912552096
 382 -6.68276731521584      382 -6.7425320490937       382 -6.97980655359877
 383 -6.75815669658851      383 -6.78473208535177      383 -6.9214372685816
 384 -6.77408427510744      384 -6.73756280395662      384 -6.94801340417213
 385 -6.7405405920151       385 -6.84538287527032      385 -6.84372338412961
 386 -6.73550713920995      386 -6.73539091569563      386 -6.90063350943985
 387 -6.72020330279532      387 -6.76764267188068      387 -6.87045907704744
 388 -6.74547830233465      388 -6.80055901130059      388 -6.87978831180533
 389 -6.79465231018779      389 -6.7516399433182       389 -6.91419916799699
 390 -6.6989820957242       390 -6.75477700584427      390 -6.97682096549672
 391 -6.71749519736756      391 -6.77987356622973      391 -6.95840386732023
 392 -6.74584233983584      392 -6.80345353815724      392 -6.84167072442669
 393 -6.73983308883676      393 -6.81206000434682      393 -6.91623998037881
 394 -6.71830380107132      394 -6.70345503154727      394 -6.95341242448267
 395 -6.7547493998621       395 -6.79211202110785      395 -6.89527423167019
 396 -6.71209543490228      396 -6.73642853769499      396 -6.86545186304079
 397 -6.83045645107782      397 -6.73081339321213      397 -6.94742915210426
 398 -6.74818517907032      398 -6.75758394195582      398 -6.89829594704432
 399 -6.75778164611797      399 -6.80818006185923      399 -6.80904046309211
 400 -6.68649173545351      400 -6.78492893888126      400 -6.8389389210388
 401 -6.74865659871543      401 -6.7741635649992       401 -6.86615440746812
 402 -6.69288494925355      402 -6.7962656130815       402 -6.93271858797284
 403 -6.68825494131839      403 -6.85177455969268      403 -6.97184002557925
 404 -6.78671008760619      404 -6.67665085915053      404 -6.90892090050197
 405 -6.72368187160556      405 -6.78504459573025      405 -6.86784594022938
 406 -6.82054604623501      406 -6.77196528809895      406 -6.90545749409046
 407 -6.82828495929818      407 -6.7239002687865       407 -6.94713558655701
 408 -6.79194924703711      408 -6.75087943271172      408 -6.89918632883963
 409 -6.74605963575941      409 -6.71509062470126      409 -6.93952392695747
 410 -6.73019429090057      410 -6.84549727749635      410 -6.9617042171901
 411 -6.75177301539776      411 -6.74906836283982      411 -6.86926488461626
 412 -6.78219858171759      412 -6.79296648849083      412 -6.90350960233927
 413 -6.74241346526094      413 -6.83102534374787      413 -6.89283010973897
 414 -6.69213323306931      414 -6.73691982307695      414 -6.83341484205341
 415 -6.77861182478093      415 -6.72690437045855      415 -6.86964979767938
 416 -6.75396856160229      416 -6.82519988573051      416 -6.85814808007562
 417 -6.79410694016886      417 -6.77821168890777      417 -6.85378326543135
 418 -6.74294450429643      418 -6.66770608900019      418 -6.96690932209834
 419 -6.70669139323746      419 -6.72136629403546      419 -6.99160188809581
 420 -6.78793365329039      420 -6.76549446973548      420 -6.92918740538614
 421 -6.68659435029458      421 -6.69343648347974      421 -6.8597733629053
 422 -6.68731691546498      422 -6.73465160244825      422 -6.93169686192799
 423 -6.81887494196567      423 -6.76669730658865      423 -6.85935830700799
 424 -6.76332117286683      424 -6.84970643409755      424 -6.9354839581782
 425 -6.73190279252663      425 -6.81288340807162      425 -6.85799475927053
 426 -6.77983534115112      426 -6.76198863969947      426 -6.87297492927427
 427 -6.8168094524489       427 -6.78328722884756      427 -6.81065192705296
 428 -6.72164670700147      428 -6.7816072533785       428 -6.92600470789314
 429 -6.78090916111784      429 -6.72693369697223      429 -6.85926676130543
 430 -6.76406851527096      430 -6.82968616124428      430 -6.89915795604505
 431 -6.72115199425516      431 -6.66642685204614      431 -6.86278486737442
 432 -6.77930039902836      432 -6.81451167903922      432 -6.87818765683503
 433 -6.73075291550265      433 -6.78813528244975      433 -6.90378790280482
 434 -6.8322721039966       434 -6.76029377607024      434 -6.97064463679676
 435 -6.81133425019063      435 -6.76136088185691      435 -6.89141829130395
 436 -6.77014463984181      436 -6.71729008536367      436 -6.94185944806595
 437 -6.81211013195465      437 -6.70915616901268      437 -6.89165448312385
 438 -6.80450574769982      438 -6.78554007089521      438 -6.89959252965528
 439 -6.7641632849357       439 -6.69747907097718      439 -6.8922286806308
 440 -6.66271860897263      440 -6.75803106912728      440 -6.8525251063528
 441 -6.74983382833542      441 -6.76325185750981      441 -6.99564310354927
 442 -6.78953221392077      442 -6.71028691072071      442 -6.83639347330285
 443 -6.78059612805022      443 -6.76017377309033      443 -6.84483086363046
 444 -6.68259131033539      444 -6.72276800584         444 -6.84421632628023
 445 -6.79320529178585      445 -6.75122138398527      445 -6.92754605705713
 446 -6.73106831494594      446 -6.79601713331281      446 -6.99802591012209
 447 -6.79418984811131      447 -6.75083634758222      447 -6.93351270116822
 448 -6.80507406904911      448 -6.73827731455214      448 -6.87790565731844
 449 -6.79510629281459      449 -6.7467034867706       449 -6.93267436371348
 450 -6.7244269142268       450 -6.75750236539929      450 -6.87015130107896
 451 -6.77337971402583      451 -6.77145761827177      451 -6.9914345061167
 452 -6.723983699779        452 -6.72353762719158      452 -6.86265870493896
 453 -6.782485133846        453 -6.83394835888484      453 -6.87295532535439
 454 -6.70085580030177      454 -6.74798257179731      454 -6.92744926539862
 455 -6.82662255141959      455 -6.73065265438404      455 -6.94023155284903
 456 -6.72975632342108      456 -6.7414268464987       456 -6.93923583156404
 457 -6.86850528440199      457 -6.74810655291049      457 -6.9173628214953
 458 -6.72122060044582      458 -6.69645914027508      458 -6.84974386975952
 459 -6.76084231987806      459 -6.70978676802593      459 -6.85690498600277
 460 -6.80034343648697      460 -6.75126174131045      460 -6.88212708748016
 461 -6.80097236432865      461 -6.7322532200799       461 -6.85434354351409
 462 -6.72384379241792      462 -6.7237182973016       462 -6.89648121184604
 463 -6.71440010518918      463 -6.8160227034529       463 -6.83178084794734
 464 -6.82293718653191      464 -6.72835684441396      464 -6.93298579290606
 465 -6.7638141319529       465 -6.86639211542535      465 -6.91951647121401
 466 -6.78856461275446      466 -6.78495768197618      466 -6.89044919321733
 467 -6.81600286218342      467 -6.80557356626439      467 -6.94595816269524
 468 -6.76900880409463      468 -6.7505474375347       468 -6.9727656383841
 469 -6.80289975332442      469 -6.76695426486405      469 -6.82568719884396
 470 -6.78738344841965      470 -6.71419966696633      470 -6.95021488514633
 471 -6.79425068310594      471 -6.77375600662476      471 -6.93156812568303
 472 -6.74899892003446      472 -6.75298090490298      472 -6.94185690879121
 473 -6.78771949478713      473 -6.70615976058304      473 -6.86120818039856
 474 -6.74569623711038      474 -6.76271923661381      474 -6.92048325075116
 475 -6.71739750770055      475 -6.75890338873483      475 -6.89485402785027
 476 -6.81040439685055      476 -6.784562354128        476 -6.93649431440041
 477 -6.7702522653374       477 -6.73262471112185      477 -6.93690679989485
 478 -6.720109958277        478 -6.80554519710874      478 -6.86612868242891
 479 -6.76264948684136      479 -6.79881460813942      479 -6.9560093196147
 480 -6.78960440754683      480 -6.71481086910066      480 -6.80214938702202
 481 -6.74657839123254      481 -6.74457312669168      481 -6.88480749316476
 482 -6.78135089135664      482 -6.76211543233535      482 -6.90079641816477
 483 -6.7727762842328       483 -6.77194663920985      483 -6.90715009783768
 484 -6.73290252967476      484 -6.74108017577121      484 -6.84643695538114
 485 -6.77873733362473      485 -6.78740141384953      485 -6.91926150355702
 486 -6.71586673228692      486 -6.67883182748162      486 -6.96403008820645
 487 -6.78919749044364      487 -6.73195858993284      487 -6.9288651551605
 488 -6.72583430457051      488 -6.72030401496741      488 -6.97790474376751
 489 -6.77084001840489      489 -6.78135761204797      489 -6.91529161524304
 490 -6.7506718313492       490 -6.72987042233095      490 -6.85178272543581
 491 -6.78127805108382      491 -6.679955428407        491 -6.95400306149719
 492 -6.78255618329055      492 -6.81795345113097      492 -6.95531099752838
 493 -6.77365165013602      493 -6.78280331366019      493 -6.89121495757693
 494 -6.75703415789672      494 -6.7741716459797       494 -6.91776312133826
 495 -6.76667122433337      495 -6.71605884816312      495 -6.89652796625379
 496 -6.77549113191253      496 -6.77878875645714      496 -7.00678252915255
 497 -6.80260992016262      497 -6.7187064278928       497 -6.87115526888136
 498 -6.71161760935798      498 -6.71125735334527      498 -6.88744971860882
 499 -6.77125224093935      499 -6.75345433796085      499 -6.84235371994544
